750	3
-414	52	-0.201025421918393	-0.36993300931347
-312	-68	0.653736991485336	-0.282923851595841
-299	53	-0.400677510910367	-0.254296828881839
-381	-50	-0.266457106234931	-0.317322625576318
-373	-85	0.356486709189123	-0.312376285516632
-364	-67	-0.733268227179785	-0.271456005157806
-187	-40	-0.659657582323679	-0.129293015004474
-411	22	0.240821558275094	-0.367573319179094
-191	-18	-0.0178533280434584	-0.153412643981214
-373	-22	-0.461226233710746	-0.301740584964247
-319	-13	0.525864436780908	-0.286507340018033
-474	-68	0.177709280678732	-0.414780327048882
-324	-36	0.942136906033509	-0.296752185026448
-369	-62	0.763237403485214	-0.326021443517742
-197	-19	-0.103854487746818	-0.162781733122643
-384	-34	-0.054414502395703	-0.322056558969652
-278	-61	0.84789574877163	-0.262748707057743
-350	-62	0.785576952421644	-0.31681646119956
-182	-18	0.787041840876492	-0.176624190984098
-213	-8	0.595385601367229	-0.202908061879667
-456	52	0.71935178685873	-0.464610109220641
-360	-29	0.153233436078982	-0.31538337186738
-167	-16	0.172887356181524	-0.152030160569625
-391	-76	-0.439985351115452	-0.311217270151667
-352	-41	-0.558030945768609	-0.269825586379876
-275	-51	0.281350138859218	-0.236603017432795
-572	-39	0.423444318979461	-0.539209373445465
-270	-42	-0.230506302072207	-0.210959586412394
-349	-27	0.840754417554247	-0.315844574026375
-508	-68	0.95318460646382	-0.4916940319285
-174	-42	-0.704458754234443	-0.116534913611264
-248	-44	-0.872188482314524	-0.169921262496964
-335	-29	-0.54704428235725	-0.257139043196429
-248	-84	0.446760460219123	-0.213387249618153
-344	-50	-0.47911008026368	-0.273875791210867
-371	-1	-0.375408185064241	-0.313715665415673
-482	-69	-0.968443861201819	-0.378313031983443
-284	-38	0.732596819971313	-0.251992522983446
-164	-10	-0.441755424665059	-0.117465711146483
-474	30	-0.229773857844783	-0.44185787458146
-287	-16	0.513962218085269	-0.266583119054616
-388	-24	0.477156895657216	-0.342404065606233
-348	-12	-0.0472121341593676	-0.287948321652909
-380	64	-0.21988586077456	-0.337831257322908
-477	92	0.553209021271401	-0.487061563662143
-458	-57	-0.65019684438612	-0.369046732551794
-227	-11	0.689260536515397	-0.204484125752646
-477	-58	0.809686574907682	-0.455543573000807
-203	-16	-0.506210516678365	-0.148676480809337
-478	-58	-0.349833674123356	-0.414093425913248
-371	-30	0.876155888546403	-0.35521320867566
-220	54	0.264809106723228	-0.196268771395891
-316	-25	-0.664784691915647	-0.254346493306177
-195	-17	-0.165807061983093	-0.165649448935228
-322	-22	-0.933103427228614	-0.24447465171004
-325	57	-0.960020752586444	-0.262629122629586
-314	31	0.594164860988189	-0.287902800657394
-293	-84	-0.625904110843226	-0.214200163216221
-565	-65	0.809076204718162	-0.552244505631803
-310	-72	0.664052247688223	-0.268097025697719
-405	72	-0.360942411572619	-0.378661070980543
-436	-49	-0.622974333933531	-0.351653866505509
-131	-14	-0.632374034852138	-0.0930548506798222
-337	14	0.0115054780724508	-0.296895056951137
-451	-87	-0.2195806756798	-0.38054336937035
-442	-50	0.818109683523057	-0.410764230359801
-163	6	0.828974272896512	-0.16536420168947
-404	-72	0.519089327677236	-0.350429413327965
-347	-28	-0.96142460402234	-0.263783544008975
-425	-77	0.896786400952178	-0.400156316465746
-229	-52	0.822870571001312	-0.221067826807097
-326	-44	-0.371562852870266	-0.269836276886917
-265	32	0.459761345255898	-0.246309770137559
-264	-27	-0.820062868129521	-0.195351565129256
-390	-35	0.0607013153477585	-0.34305648974112
-235	14	-0.241431928464614	-0.191478596391305
-154	-20	0.270668660542619	-0.137827970532598
-336	22	-0.764885402996918	-0.271531071040233
-267	32	-0.638538773766289	-0.204164728226941
-469	-10	0.776787621692556	-0.453586813047954
-342	-41	-0.783745841853084	-0.269757509185734
-432	-14	0.216101565599536	-0.39544076609025
-351	40	0.104403820917386	-0.326814790187722
-135	8	-0.312967314676351	-0.112915250092545
-194	-10	-0.691030610065004	-0.139418676097971
-348	40	-0.0196234015930662	-0.302536169182435
-458	2	-0.0949430829798272	-0.406363240013569
-199	-27	0.181005279702139	-0.162020866816399
-469	-62	-0.811883907589953	-0.38637742555444
-144	-12	0.310708944975127	-0.134589117389544
-319	-30	0.233924375133518	-0.277870601836326
-386	-59	0.307351908932768	-0.340983898718252
-488	1	-0.505905331583606	-0.421222470218028
-272	29	0.904293954283273	-0.27113944787472
-278	-47	0.110080263679922	-0.241133972721368
-523	-39	-0.076265755180517	-0.4799670974095
-223	-37	0.957640308847316	-0.214626299098318
-321	-33	-0.462813196203497	-0.248065505766632
-166	29	-0.661732840968047	-0.123265500212201
-124	2	-0.710196234015931	-0.0828234233766637
-282	3	0.974486526078066	-0.272486020317671
-291	24	-0.763298440504166	-0.23027587003888
-452	79	0.28720969267861	-0.433207887242835
-304	-4	0.664235358745079	-0.276547285147629
-391	-25	0.733573412274545	-0.353149702171687
-419	-60	0.0134586626789148	-0.364978299762728
-331	-76	-0.546922208319346	-0.252686253819879
-320	-28	0.464461195715201	-0.286974420015499
-333	44	0.894222846156194	-0.331249793269835
-215	-76	-0.955076754051332	-0.151243744089627
-479	-40	0.615710928678243	-0.450558161734164
-332	-32	0.00198370311593976	-0.272073498528871
-489	27	0.959227271340068	-0.49619793470284
-234	24	-0.297708059938353	-0.197394806339453
-337	-16	0.602160710470901	-0.301961129524152
-282	77	-0.545579393902402	-0.227372033684778
-338	-66	0.962523270363475	-0.304307086255872
-149	-12	0.779229102450636	-0.142111439845143
-105	-12	-0.390118106631672	-0.0744021476044468
-226	-16	0.509811700796533	-0.208602343093097
-528	-33	0.770012512588885	-0.509018427584592
-333	-89	-0.156590472121342	-0.264948331433231
-356	-78	-0.934629352702414	-0.264453903239476
-256	-60	0.209570604571673	-0.216934933607035
-323	-32	0.968138676107059	-0.29867874258189
-275	-57	0.267799920651875	-0.231063907962901
-279	-21	-0.506149479659413	-0.216457697334324
-475	-55	-0.574327829828791	-0.389143049399615
-442	-11	0.870296334727012	-0.42426867080293
-364	-75	0.845942564165166	-0.330494061739123
-294	-37	0.850886562700278	-0.266978742056633
-169	17	0.710501419110691	-0.162363271968979
-377	-15	0.0873744926297799	-0.32903897492339
-378	-63	0.339823603015229	-0.320186368198229
-273	12	-0.373943296609394	-0.219665452497215
-476	-80	-0.154637287514878	-0.402509536845548
-307	-7	0.631397442548906	-0.289143318712178
-351	-56	0.15530869472335	-0.293725096288372
-171	25	-0.672353282265694	-0.129978997223779
-308	58	0.230506302072207	-0.273803479979103
-309	-34	0.168919949949645	-0.261287086851001
-440	-40	-0.78026673177282	-0.361273573121048
-435	60	-0.189489425336467	-0.392734366693471
-442	-67	0.746452223273415	-0.397236901034565
-235	-3	0.282815027314066	-0.214390367380409
-431	-46	-0.254249702444533	-0.369323081031393
-394	-70	0.15561387981811	-0.334443853800607
-336	-42	0.613086336863307	-0.295564397252581
-113	0	-0.796807763908811	-0.0630203862647606
-266	-30	-0.912594988860744	-0.188897138013138
-431	-46	-0.790215765861995	-0.353964641137598
-431	-53	0.207861568041017	-0.37255041340848
-388	-28	-0.602771080660421	-0.305415632121325
-206	52	0.941892757957701	-0.207921416058382
-317	49	-0.0268868068483535	-0.276106340343371
-335	-56	-0.998718222602008	-0.243359936168017
-361	-40	0.103793450727866	-0.308305051537157
-241	17	-0.896786400952178	-0.182081718749284
-364	-47	-0.704641865291299	-0.281984890927025
-199	25	0.504684591204566	-0.19105922858281
-306	-41	-0.678701132236702	-0.240715213012835
-186	20	-0.725089266640217	-0.137084811995008
-326	-34	0.881038850062563	-0.308602413548803
-419	-7	0.189794610431226	-0.36847266909773
-512	-50	0.165379802850429	-0.471039591960141
-398	-16	0.982360301522874	-0.38716990070857
-369	-74	0.75670644245735	-0.322389740890099
-361	46	0.568224127933592	-0.334940080682334
-431	23	-0.810113834040346	-0.373229450244321
-226	-35	0.154026917325358	-0.20034708627984
-365	27	-0.71904660176397	-0.303398117220793
-224	-20	-0.76494644001587	-0.156512263269667
-390	-41	-0.863765373699149	-0.308265388938484
-431	-67	-0.979735709707938	-0.336004498310973
-301	-3	0.700430310983612	-0.281831735414778
-513	-86	-0.823603015228736	-0.402227304925579
-239	-43	-0.882076479384747	-0.162018587871616
-375	-25	0.326334421826838	-0.330403549094694
-212	-67	0.967101046784875	-0.206313373785235
-414	49	-0.209021271401105	-0.364561751645694
-224	-4	-0.744499038666951	-0.159861669684658
-356	-86	0.147007660145879	-0.306943298057433
-323	43	0.680471205786309	-0.305041851807636
-314	-24	0.908444471572008	-0.302292277875326
-352	-11	-0.335551011688589	-0.282643360359794
-224	70	0.71660512100589	-0.222989206535758
-353	46	0.738822595904416	-0.347393089235792
-447	-58	-0.0356761375774407	-0.380503253774612
-428	-38	-0.230750450148015	-0.356796094604674
-217	-62	0.689199499496445	-0.193997256736524
-326	31	-0.978453932309946	-0.260726501808332
-292	40	0.593371379741813	-0.264101558576915
-224	-77	0.260658589434492	-0.18645092106562
-215	-89	-0.888424329355754	-0.151167447815937
-243	32	-0.579515976439711	-0.1859027487448
-297	-12	-0.56053346354564	-0.237422362114069
-188	-21	-0.384624774925993	-0.136859910030063
-259	12	0.263466292306284	-0.228363494661231
-369	-81	-0.796502578814051	-0.286034566476817
-515	-61	-0.273354289376507	-0.445726586982852
-237	-32	0.717642750328074	-0.214827389085608
-455	-78	0.615100558488723	-0.400779486099833
-329	40	-0.891781365398114	-0.268045590017581
-189	-29	0.501388592181158	-0.181110307146095
-370	-33	0.611255226294748	-0.344920109559578
-429	-48	0.151463362529374	-0.364310115861814
-361	-3	-0.705130161442915	-0.288254390811427
-151	28	0.335856196783349	-0.145860270622113
-442	28	-0.552415540025025	-0.396321345750285
-500	32	-0.761345255897702	-0.438001357675227
-398	-75	-0.54185613574633	-0.320464068621409
-363	-95	-0.700003051850948	-0.271970961999207
-478	-59	0.103549302652058	-0.421028757191669
-138	12	-0.88738670003357	-0.0839305793302089
-448	5	-0.204931791131321	-0.398861088270252
-166	4	-0.500717184972686	-0.129582831673732
-440	-91	0.700552385021516	-0.395927340631043
-201	-10	0.878475295266579	-0.201843073813289
-463	-5	0.920957060457167	-0.453087733303723
-399	-25	-0.0104678487502671	-0.338009681006903
-266	-63	-0.122959074678793	-0.214380093425596
-402	-10	-0.32242805261391	-0.343324465376413
-366	23	-0.442487868892483	-0.312429095443477
-330	88	0.889034699545274	-0.336238482254275
-397	-54	0.89532151249733	-0.357005632792871
-562	-78	-0.809503463850825	-0.466304335584354
-350	17	0.608203375347148	-0.316503646477431
-115	5	-0.798333689382611	-0.0715788423594868
-308	-42	-0.0903653065584277	-0.24950311680884
-316	-27	0.530320139164403	-0.283575595756813
-355	-37	0.230384228034303	-0.310461662304208
-246	-25	0.721671193578906	-0.235755225983793
-331	-46	-0.535142063661611	-0.260422695972044
-208	-27	-0.054597613452559	-0.172786436001234
-139	-40	0.148411511581774	-0.121242451278764
-336	-67	0.350810266426588	-0.299585210876043
-329	-63	-0.665211951048311	-0.250321965639396
-299	-35	-0.472518082216865	-0.240143870112345
-244	-49	-0.876216925565355	-0.177296342953116
-232	-23	0.681264687032685	-0.212295328206063
-408	-48	0.0832850123599964	-0.340935704806451
-329	-11	0.46012756736961	-0.292033138465715
-453	-71	0.401348918118839	-0.399200820562113
-381	-25	0.895260475478378	-0.351472837679959
-393	-84	-0.552110354930265	-0.304915801070833
-247	-29	-0.603930784020508	-0.190581070315628
-388	51	-0.00137333292641983	-0.346882656871836
-468	-22	0.732840968047121	-0.440922267296301
-215	-23	0.375041962950529	-0.185729659797504
-464	-32	-0.329325235755486	-0.40606041599749
-470	-65	0.0686971648304697	-0.415484892970249
-521	-74	-0.529404583880123	-0.428098346981673
-155	12	-0.0736411633655812	-0.134858470402222
-496	-95	-0.713431196020386	-0.396445422208741
-386	-15	0.0448927274391919	-0.34320412028263
-415	-49	0.703665272988067	-0.37954866563062
-363	-55	-0.893368327890866	-0.278273034206
-295	-55	-0.950987273781548	-0.216025358486558
-301	-47	-0.789117099520859	-0.226707677673758
-521	7	0.322977385784478	-0.500305140401883
-376	-37	0.160313730277413	-0.325333890270473
-357	-26	-0.578173162022767	-0.281917624304299
-277	-33	-0.526474806970428	-0.213273050702431
-379	-56	-0.145664845728935	-0.316865919872667
-413	-16	-0.349772637104404	-0.354626460690791
-297	-55	0.608630634479812	-0.263164724857073
-408	-31	0.184240241706595	-0.353074441950529
-402	-73	0.413434247871334	-0.351900166539168
-361	-59	0.93755912961211	-0.326608527595387
-356	5	0.253028962065493	-0.326139440517835
-405	-48	-0.971800897244179	-0.317486718735906
-453	-89	-0.974730674153874	-0.354102093183959
-511	62	-0.321329386272774	-0.487987038748569
-384	-42	0.832209234900968	-0.346639218352567
-117	-15	-0.978209784234138	-0.0643827069355512
-401	60	0.492843409527879	-0.382174791894712
-348	-66	0.0600909451582385	-0.290336395019405
-211	3	0.821100497451704	-0.207376682943271
-304	-54	-0.0620441297647023	-0.248447367547605
-229	-25	-0.203955198828089	-0.193318872066047
-380	30	0.239234595782342	-0.356432288848529
-314	64	-0.947019867549669	-0.244665702357275
-507	15	-0.278603473006378	-0.458840658685453
-468	-27	-0.188451796014283	-0.399409464781575
-294	-12	0.771233252967925	-0.270518889155849
-544	-43	0.145786919766839	-0.497393293200433
-347	-53	-0.499496444593646	-0.265553617558583
-348	-3	-0.796929837946715	-0.274054770213961
-369	-42	0.229468672750023	-0.311647225554548
-201	16	-0.765678884243294	-0.152540421754815
-486	65	0.207251197851497	-0.482333492507935
-366	-58	0.0249946592608417	-0.306813689699894
-360	-13	-0.0938444166386914	-0.309088929287956
-262	38	-0.707876827295755	-0.202921469924917
-503	-14	0.284524063844722	-0.467512692698458
-398	18	-0.131504257332072	-0.356460650548348
-276	-21	-0.171666615802484	-0.232060084979336
-368	-44	-0.721915341654714	-0.28875891399363
-308	9	-0.0148625141148107	-0.264007038437308
-268	16	-0.623889889217811	-0.218074638802038
-362	-63	-0.756889553514206	-0.267809588283432
-159	-37	0.694143498031556	-0.144620143506162
-254	-57	-0.186925870540483	-0.210823337414301
-557	-80	-0.481978820154424	-0.485321439222183
-362	-18	0.115024262215033	-0.310741501488791
-450	14	0.114780114139226	-0.401696473546879
-321	64	0.959166234321116	-0.313993115862155
-253	31	-0.15042573320719	-0.220707940943281
-302	29	0.865901669362468	-0.288492890376748
-323	-39	0.440168462172307	-0.294574003057369
-252	-38	-0.189977721488083	-0.205041288920604
-288	-3	0.0694906460768456	-0.243337429507332
-473	19	-0.02249214148381	-0.425342565012334
-474	-55	-0.0398876918851283	-0.404480330100733
-334	-38	0.858211004974517	-0.311147175955931
-500	44	0.466963713492233	-0.500327783652582
-257	-19	-0.91674550614948	-0.183109670472637
-288	-60	0.696218756675924	-0.268911940448217
-350	-83	-0.475508896145512	-0.28007217579046
-463	-58	-0.723441267128513	-0.38167442112989
-233	5	0.04269539475692	-0.196864312349828
-271	-36	0.731070894497513	-0.243265722817334
-494	-12	0.00991851557969903	-0.440606906090839
-356	-56	-0.915158543656728	-0.270572864389413
-350	-20	0.345805230872524	-0.311315499866512
-129	18	-0.424909207434309	-0.0946616688839391
-313	8	-0.645924253059481	-0.24928297800429
-296	-51	0.623340556047243	-0.264570398972276
-164	-10	0.942381054109317	-0.172223546773791
-177	36	0.76250495925779	-0.176009266437081
-554	-52	-0.0169377727591784	-0.501288539351781
-337	-55	-0.760856959746086	-0.264430992496045
-240	-6	-0.199438459425642	-0.194542123741699
-346	66	0.563890499588	-0.336775025402745
-311	-35	0.169042023987549	-0.273923230843695
-423	-40	-0.416486098818934	-0.345011811281607
-277	-65	0.781853694265572	-0.259211037091176
-322	-37	0.999328592791528	-0.310699817272954
-364	-92	0.371562852870266	-0.31946162056355
-182	26	0.32883693960387	-0.174808339670276
-272	-33	-0.623035370952483	-0.214214798074616
-444	-6	0.188390758995331	-0.391508046613208
-359	-38	-0.763359477523118	-0.270039144487008
-368	-5	-0.347087008270516	-0.304712464822208
-354	-71	0.17917416913358	-0.306175524862185
-314	-36	-0.673329874568926	-0.236906371323003
-407	-58	-0.687978759117405	-0.331226447743974
-270	25	-0.157322916348765	-0.226882618731496
-328	-85	-0.0102847376934111	-0.259410104496106
-382	50	0.80046998504593	-0.361254515107836
-502	-20	0.647999511703848	-0.486127717340898
-427	-59	0.657643360698263	-0.394122261981145
-268	-35	-0.0414136173589282	-0.216029898667146
-344	-6	-0.512924588763085	-0.27788897520696
-316	-46	0.802545243690298	-0.282431151651463
-174	-11	-0.49626148258919	-0.121013504876867
-543	-18	0.0510574663533434	-0.505121851320558
-414	-25	-0.123630481887265	-0.364355751706731
-340	54	-0.61345255897702	-0.29040727839313
-395	-60	-0.857295449690237	-0.302012436270276
-364	68	0.963011566515091	-0.365521680990198
-346	-38	0.79894405957213	-0.328153546475776
-344	-38	-0.91674550614948	-0.266330089742926
-348	-55	-0.479354228339488	-0.265944476320715
-441	-56	-0.703299050874355	-0.345604301555899
-223	53	0.199255348368786	-0.197246007951738
-319	-53	-0.666554765465255	-0.251975646545942
-369	-42	-0.612659077730644	-0.291878861041471
-422	-47	0.17123935666982	-0.36009426310334
-442	-90	-0.189977721488083	-0.373798685756999
-326	-60	-0.467574083681753	-0.25373013351096
-342	-59	0.767387920773949	-0.305570980055817
-317	-16	-0.624988555558947	-0.247380793299089
-264	-92	-0.354655598620563	-0.195717787242968
-446	-64	0.949583422345653	-0.419986581535034
-298	-24	0.572313608203375	-0.260370916600947
-248	-40	0.912411877803888	-0.240197760192816
-411	61	-0.655201879940184	-0.354343545321249
-450	-63	0.50175481429487	-0.402062695660591
-293	-3	-0.436078981902524	-0.22922289950578
-277	-31	-0.274330881679739	-0.221986085157828
-447	-58	0.281350138859218	-0.388087103379398
-326	1	-0.740592669454024	-0.248397023980029
-345	-59	0.30588702047792	-0.306835785270478
-392	-19	-0.88891262550737	-0.310362690220865
-316	-39	0.0162663655507065	-0.273657080177114
-439	56	0.118747520371105	-0.416350793320221
-422	-53	0.769402142399365	-0.389788772823485
-302	4	0.354838709677419	-0.276163412548445
-376	-12	0.0111392559587389	-0.327935593203302
-393	72	-0.590746787926878	-0.349366010122623
-334	-41	-0.941709646900845	-0.247859416930082
-218	62	0.00112918485061186	-0.19928358010478
-576	35	-0.835749382000183	-0.535291197863226
-305	-61	-0.133457441938536	-0.243757052311538
-319	28	-0.353495895260475	-0.274460158402383
-395	18	-0.465804010132145	-0.343136127789182
-156	17	0.547410504470962	-0.14669065094215
-444	28	-0.547532578508866	-0.389219158402508
-530	-69	-0.170751060518204	-0.465224756256495
-245	-36	-0.942503128147221	-0.173573248178923
-421	-53	0.665456099124119	-0.377001038606716
-330	-47	0.064485610522782	-0.277932869900382
-290	-27	0.279641102328562	-0.25993675547531
-409	-1	0.537644581438643	-0.386001441047251
-328	-82	0.45951719718009	-0.289837058443675
-307	-54	0.254799035615101	-0.272411545891962
-133	-1	-0.15347758415479	-0.103450113482401
-190	-27	0.0216376232184821	-0.158006609130888
-318	-72	-0.252784813989685	-0.249319373613436
-553	30	-0.23886837366863	-0.537191469059608
-189	9	0.745719779045991	-0.186542601832823
-374	77	-0.868587298196356	-0.314530549542423
-337	90	0.920102542191839	-0.335432304791952
-460	-55	0.814508499404889	-0.428239142723173
-452	-15	0.0864589373455	-0.394815602322031
-353	-52	-0.45097201452681	-0.274331777550255
-511	-71	-0.846125675222022	-0.412690246243915
-316	-1	-0.221655934324168	-0.269415007359951
-209	-7	-0.786797692800684	-0.143103526101059
-320	-27	0.870967741935484	-0.305300784955836
-371	-64	-0.156590472121342	-0.310663814468073
-309	67	-0.682485427411725	-0.257670643478095
-370	28	-0.52470473342082	-0.311853304542335
-418	-30	0.00729392376476334	-0.36959624860075
-360	72	-0.314676351207007	-0.311484632281822
-294	54	0.284585100863674	-0.278758886714368
-223	-67	-0.00607318338572349	-0.179377420653541
-470	-52	-0.162450025940733	-0.413051041839538
-320	-52	-0.743705557420576	-0.236321323912713
-408	-79	-0.510666219061861	-0.332337114761589
-469	-55	-0.620777001251259	-0.384210611381644
-156	-6	-0.422284615619373	-0.110198143236227
-177	0	-0.02188177129429	-0.148481570889731
-289	-63	-0.0569170201727348	-0.231506100558286
-425	69	0.372661519211402	-0.413958312376265
-318	-36	-0.554551835688345	-0.249456706906078
-374	-38	-0.480880153813288	-0.301476257114065
-220	-33	0.250648518326365	-0.182832997599084
-396	-58	-0.65324869533372	-0.32057818528109
-356	-39	-0.583300271614734	-0.285885526518995
-455	-91	-0.526108584856716	-0.362425349315874
-312	-58	-0.500961333048494	-0.241136382495832
-466	-62	0.499374370555742	-0.427719854822273
-238	17	0.244056520279549	-0.205684851179465
-186	-23	0.353190710165715	-0.16481850748132
-306	-13	-0.432721945860164	-0.247337729569126
-275	-45	0.874080629902036	-0.251541827821295
-326	-68	0.374858851893674	-0.28781167896828
-169	-30	0.425824762718589	-0.156450310758004
-310	-37	0.0632648701437422	-0.263603175177378
-461	-54	0.246620075075533	-0.40240382415635
-302	47	-0.0566728720969268	-0.269487488600571
-243	-31	-0.274513992736595	-0.186215563466929
-241	-42	0.777642139957885	-0.228981038186523
-397	-7	0.319071016571551	-0.352771189603077
-221	58	0.715201269569994	-0.223002891639104
-488	-63	-0.623340556047243	-0.41144891755834
-291	-26	0.0468459120456557	-0.23676105330253
-397	-95	0.157506027405621	-0.339106526985199
-462	-80	-0.0531327249977112	-0.39621582595203
-444	-27	-0.598010193182165	-0.364338943552202
-307	19	-0.684011352885525	-0.254161477225316
-399	-21	0.432844019898068	-0.366689450286971
-293	-27	0.289956358531449	-0.262800889556746
-549	-32	-0.893368327890866	-0.459225781141979
-166	-7	0.233008819849239	-0.144857345666469
-353	-78	-0.258583330790124	-0.289438439740874
-514	-26	0.809564500869778	-0.49208212329558
-255	11	0.157811212500381	-0.229252649480563
-278	-40	0.032013916440321	-0.228873161539387
-281	-13	0.490890224921415	-0.255510897276003
-417	-39	0.0625934629352702	-0.36133621246768
-355	-6	-0.161961729789117	-0.297308184720053
-499	16	0.991332743308817	-0.51466643475865
-225	37	0.716483046967986	-0.22254783743725
-252	12	0.956602679525132	-0.249934016359796
-328	-58	-0.458723715933714	-0.263980251290137
-366	-53	0.210547196874905	-0.312284132523466
-142	-25	-0.365459150975066	-0.106611267623353
-111	-18	-0.11337626270333	-0.0850496844319875
-204	-19	0.941770683919797	-0.196333689407149
-374	20	0.514145329142125	-0.344949873862623
-355	20	-0.594714194158757	-0.287771150508804
-313	-38	0.170506912442396	-0.261627715087331
-168	3	0.584154789880062	-0.167527120294149
-487	-5	0.224341563158055	-0.463790236961289
-116	11	-0.544114505447554	-0.0902019900549469
-577	44	0.548326059755242	-0.62172749701275
-331	-9	0.0785851619006928	-0.284829873925473
-262	-46	-0.222510452589496	-0.215388281045862
-461	-62	-0.737296670430616	-0.363675835631309
-341	65	0.253456221198157	-0.312263878307338
-325	46	-0.344523453474532	-0.286372523001912
-183	-32	0.524216437269204	-0.163895032296718
-438	70	-0.671803949095126	-0.404395026010277
-223	-3	0.445295571764275	-0.206332894148216
-200	13	-0.516891994994964	-0.149280843509621
-458	-48	-0.0291451765495773	-0.386243912641518
-369	-59	-0.831965086825159	-0.289277158108642
-210	58	0.365092928861354	-0.194378880031258
-240	-27	0.95989867854854	-0.235452185694273
-162	15	-0.189855647450179	-0.122607675214523
-427	-12	0.987182226020081	-0.417781736452412
-187	11	0.481612598040712	-0.168417744152702
-211	16	0.510116885891293	-0.185739059724789
-215	-36	0.300637836848048	-0.186248474458596
-429	-73	0.819818720053713	-0.382766184467423
-400	-58	0.847468489638966	-0.36062211778849
-217	-24	0.0567949461348307	-0.180942964308166
-507	35	0.778313547166356	-0.516703752651944
-430	-67	-0.462752159184545	-0.355505237163999
-474	-93	0.211523789178137	-0.417794029859636
-312	-9	0.45524460585345	-0.284259036385416
-562	-84	0.123691518906217	-0.511555655509889
-246	-3	0.774285103915525	-0.239013076870355
-309	-47	-0.403729361857967	-0.250605608534402
-353	-19	-0.560716574602496	-0.290956735587305
-303	-60	0.993224890896329	-0.278056519865079
-244	12	-0.869991149632252	-0.174755677039239
-540	12	-0.0998260444959869	-0.520519908250641
-260	32	0.861018707846309	-0.249129343906903
-312	64	0.493636890774255	-0.284922813966519
-316	-60	-0.379253517258217	-0.242207756162099
-246	26	-0.302591021454512	-0.198606570324135
-379	-70	0.0734580523087252	-0.326471620730237
-184	-22	-0.576036866359447	-0.140232863439674
-198	-26	-0.335306863612781	-0.162248572568777
-254	-44	-0.95379497665334	-0.182441123601624
-236	-18	0.387798699911496	-0.202485232941452
-550	-77	-0.895809808648946	-0.455902016418374
-476	-74	0.414410840174566	-0.412954496713708
-285	32	-0.312906277657399	-0.237092344644012
-351	-58	-0.678151799066134	-0.269050881377029
-470	12	-0.766106143375958	-0.399989119783811
-232	-24	-0.411969359416486	-0.182295633391158
-229	-42	-0.622119815668203	-0.176304803033178
-389	7	0.208044679097873	-0.353434286930441
-327	19	-0.599597155674917	-0.275258626088125
-285	18	-0.0534379100924711	-0.237214418681916
-496	-75	-0.544846949674978	-0.399321791726854
-405	-81	0.567674794763024	-0.368322925895549
-259	-40	-0.926755577257607	-0.181509952988206
-358	-18	-0.528061769463179	-0.293850478525122
-519	-92	-0.548203985717338	-0.432732752697353
-472	-72	0.1767326883755	-0.421974201448798
-460	-71	0.33219397564623	-0.395057893295395
-379	17	0.0240180669576098	-0.327478731542945
-252	-39	0.291848506118961	-0.215501508043502
-204	4	-0.130039368877224	-0.170560808154669
-354	-44	-0.239722891933958	-0.297424342269942
-336	-30	0.732108523819697	-0.312975206908637
-388	-69	-0.311563463240455	-0.308444594186818
-359	-66	-0.805597094637898	-0.262691813330662
-353	-41	-0.337443159276101	-0.286180588854311
-225	-25	0.121005890072329	-0.18861888452731
-280	-54	-0.584459974974822	-0.219202721471499
-297	-36	0.729422894985809	-0.268513093642742
-272	-83	0.488265633106479	-0.235264939985685
-429	72	0.375713370159001	-0.410751657656913
-553	-92	-0.654957731864376	-0.466541119622675
-504	31	-0.532517471846675	-0.45429311181182
-231	-22	0.219641712698752	-0.205760974463413
-507	-79	0.751823480941191	-0.477373023564753
-428	13	-0.530564287240211	-0.377739421732577
-337	-39	-0.0392162846766564	-0.277950692193911
-278	-18	-0.943784905545213	-0.206930353226145
-405	-69	-0.609607226783044	-0.326146345799721
-174	-35	0.591296121097446	-0.156331049967964
-400	5	-0.507003997924741	-0.3263116835101
-372	-32	-0.657155064546648	-0.299701427648461
-472	-82	-0.998657185583056	-0.368307402535257
-380	-59	-0.0674153874324778	-0.323998742902913
-258	-28	-0.915707876827296	-0.188089066371096
-177	-6	0.681386761070589	-0.164435121718309
-361	-50	-0.563707388531144	-0.278229060448562
-326	-36	0.745597705008087	-0.28994034500423
-333	-11	0.769524216437269	-0.311038910369356
-456	-60	0.992919705801569	-0.432619081662427
-356	27	0.247840815454573	-0.329694846871789
-449	-54	0.33066805017243	-0.406462110318045
-379	-33	-0.535508285775323	-0.315683327630473
-316	-44	-0.364482558671834	-0.258855603081256
-421	-56	0.118137150181585	-0.363786524003609
-164	-3	-0.256080813013092	-0.133709187815083
-493	-54	-0.146153141880551	-0.420421364799172
-179	-21	0.35026093325602	-0.152517219115253
-392	-50	0.0582598345896785	-0.333938238791073
-361	-62	0.934324167607654	-0.334001636515947
-415	-79	-0.628833887752922	-0.331260754012223
-464	-57	0.861384929960021	-0.422296263038721
-302	-32	0.726920377208777	-0.280024003997159
-262	16	-0.793877986999115	-0.204149839931326
-229	-23	-0.946470534379101	-0.158970289650812
-239	19	-0.175084688863796	-0.207315685561365
-225	-19	0.437726981414228	-0.209730063457331
-291	11	0.56938383129368	-0.27686237475399
-142	12	0.823175756096072	-0.143103775329277
-398	14	-0.963499862666707	-0.329474658544197
-338	-49	-0.400311288796655	-0.268974281910037
-375	5	-0.468184453871273	-0.322857847626754
-464	-7	-0.144260994293039	-0.421746929868153
-416	-57	-0.503158665730766	-0.330401745706098
-417	-62	0.281350138859218	-0.355415621629337
-329	-45	-0.841914120914335	-0.239739672478594
-479	-97	0.875301370281075	-0.438045572849005
-339	-48	0.946470534379101	-0.325285152310839
-353	-4	0.391338847010712	-0.314677247077523
-435	-79	-0.360454115421003	-0.355456007368541
-242	-39	-0.0575273903622547	-0.20398549937195
-438	-74	0.764824365977966	-0.399206879399358
-295	-16	0.346049378948332	-0.25611905031065
-455	-82	0.511337626270333	-0.397163042726928
-422	-17	0.184911648915067	-0.372439000186381
-318	25	0.998229926450392	-0.306884912112536
-448	-43	-0.211523789178137	-0.373477318013591
-167	-21	0.521286660359508	-0.155524529904627
-370	27	0.680898464918973	-0.340601740468724
-148	6	0.142185735648671	-0.130044135290129
-486	-90	-0.790887173070467	-0.383201744102527
-309	-25	0.553453169347209	-0.282840784168424
-510	23	-0.24466689046907	-0.471792742889704
-423	-24	-0.292886135441145	-0.354602252884439
-299	-39	0.948850978118229	-0.290163707143504
-382	36	-0.888973662526322	-0.311967122304101
-232	20	-0.618091372417371	-0.187651631804195
-366	58	0.941404461806085	-0.360541525632387
-323	-65	-0.0730307931760613	-0.271646972813526
-541	-63	0.118381298257393	-0.499838952001404
-430	-48	-0.939146092104862	-0.328366652612469
-210	-23	0.953306680501724	-0.204190580827791
-316	66	-0.645619067964721	-0.257474640527467
-226	-33	-0.961729789117099	-0.165571244731941
-385	49	0.820429090243233	-0.381616011121924
-492	-67	0.941770683919797	-0.454361625770846
-260	10	0.701712088381603	-0.248961492104785
-562	-66	0.596972563859981	-0.537572684838177
-382	50	0.645802179021577	-0.374812362942548
-376	-36	-0.621875667592395	-0.309387969069265
-471	-61	-0.52684102908414	-0.390995308581703
-177	12	-0.934263130588702	-0.116261654510447
-178	-5	0.244422742393261	-0.162111568809734
-434	-59	-0.166112247077853	-0.354276901540806
-451	-73	0.583361308633686	-0.40433254750689
-354	29	0.762627033295694	-0.348359734585382
-494	81	-0.234229560228278	-0.483111560163534
-441	-51	-0.198522904141362	-0.368485554035528
-315	-15	0.141148106326487	-0.273596396106159
-265	20	0.0068056276131474	-0.232492514972301
-409	-19	0.447431867427595	-0.37510633316432
-116	4	0.331339457380901	-0.116913315473813
-181	-21	0.598620563371685	-0.175864412774904
-279	11	-0.209204382457961	-0.237629913283297
-231	-42	0.408612323374126	-0.200160827974568
-237	-65	0.366313669240394	-0.204153540396378
-429	-38	-0.00906399731437113	-0.361624487027926
-377	23	-0.130588702047792	-0.332952973763687
-336	-25	0.0961638233588671	-0.29656387843792
-464	-81	0.756523331400494	-0.417062338663587
-475	-41	-0.747428815576647	-0.398596157709805
-162	-2	0.363689077425459	-0.154011221465324
-204	-8	-0.78209784234138	-0.149754814319408
-194	-14	0.631153294473098	-0.181679182094858
-409	90	-0.379924924466689	-0.373824555766328
-539	-53	-0.657460249641407	-0.451928214201939
-353	-52	-0.340739158299509	-0.293329549699063
-290	-80	0.137730033265175	-0.249064536474486
-390	-31	0.381694998016297	-0.339905453637724
-309	-70	-0.987487411114841	-0.215181248660138
-300	61	0.30924405652028	-0.268029716393002
-347	-65	0.314188055055391	-0.305670198264781
-297	-57	0.460188604388562	-0.267116871834215
-385	6	0.596545304727317	-0.363564312766872
-350	-25	-0.132419812616352	-0.284955137306619
-333	-51	-0.768425550096133	-0.247774040225614
-262	-50	0.510177922910245	-0.234134275491493
-315	-15	0.913937803277688	-0.302566091226249
-367	6	0.17337565233314	-0.331180859170831
-320	-25	-0.212927640614032	-0.271730424532239
-421	-81	0.751823480941191	-0.369737633351429
-358	29	-0.266823328348643	-0.319012989588082
-425	47	-0.635120700704978	-0.365014252804135
-405	-53	0.76219977416303	-0.379813144713262
-233	-53	-0.15439313943907	-0.19349201705273
-439	-51	0.395123142185736	-0.40202235312124
-366	-36	-0.93359172338023	-0.288327102584808
-175	28	0.0246894741660817	-0.148765237988213
-225	44	-0.746940519425031	-0.179440442802404
-357	-47	-0.0484939115573595	-0.308842579289498
-467	-10	0.744926297799615	-0.439459083468214
-185	28	-0.201452681051058	-0.144586933693877
-278	44	-0.43931394390698	-0.233901085975557
-268	47	-0.599291970580157	-0.225132044118362
-107	-10	-0.705191198461867	-0.0653796945037761
-293	-60	0.950926236762597	-0.265249999942195
-215	14	0.176610614337596	-0.180144772563397
-199	25	0.309793389690848	-0.179897083741964
-336	-37	0.471541489913633	-0.291162102260668
-489	-38	-0.188512833033235	-0.415316254964079
-268	-56	0.899533066805017	-0.249058555547544
-370	-75	-0.126499221778008	-0.305726713765029
-248	-59	0.36832789086581	-0.209473250777856
-287	-46	-0.9158299508652	-0.200006990632728
-266	41	-0.525376140629292	-0.216592685362605
-152	-1	0.0638752403332621	-0.13081246840074
-489	-44	-0.805108798486282	-0.41095973773638
-441	-64	-0.972289193395795	-0.33683023008155
-418	26	-0.0205389568773461	-0.377233505597118
-544	-19	-0.755119479964598	-0.466378857945451
-391	-21	0.221839045381024	-0.337676817867356
-306	34	0.254860072634053	-0.276269276552372
-394	-40	0.370525223548082	-0.358828142871929
-397	-46	0.358500930814539	-0.355609410984344
-286	16	0.173558763389996	-0.243425850820754
-363	-28	-0.333780938138981	-0.298270287540147
-399	-24	0.39036225470748	-0.360654415038093
-287	-40	-0.213049714651936	-0.236156165107046
-249	-46	0.572191534165471	-0.220926901551256
-308	55	0.859126560258797	-0.311081839304034
-404	-58	0.915585802789392	-0.381596441130327
-292	-25	-0.444807275612659	-0.225938162477181
-338	-74	-0.250465407269509	-0.273628354605126
-250	-52	-0.983397930845058	-0.175540187310931
-356	-65	0.422101504562517	-0.30536396519205
-189	-45	0.064363536484878	-0.164943126751185
-104	-2	0.733268227179785	-0.117763638024193
-299	-10	-0.661793877986999	-0.228424762473562
-261	-76	0.419904171880245	-0.220898106289188
-305	-52	-0.800836207159642	-0.234258166237134
-205	10	-0.900204474013489	-0.143135133331543
-375	-48	0.335306863612781	-0.322018588616164
-410	-54	0.207556382946257	-0.364751246049529
-358	71	-0.279519028290658	-0.308331511271483
-311	-51	0.484420300912503	-0.266354640493648
-243	69	0.894039735099338	-0.239477992129913
-235	8	0.0302438428907132	-0.200306075257237
-167	8	0.726004821924497	-0.16960119240043
-416	-84	0.99481185338908	-0.384732322200742
-298	19	0.407269508957183	-0.273196320208234
-228	8	-0.739494003112888	-0.17083193957955
-366	-22	-0.453169347209082	-0.300137765752019
-400	-63	0.230140079958495	-0.341784567814431
-386	-22	0.174230170598468	-0.348186266954587
-151	3	0.0650959807123019	-0.121338648258149
-236	32	0.879207739494003	-0.236421815478761
-411	-16	-0.980224005859554	-0.331935329738498
-356	-31	-0.100924710837123	-0.305157965253087
-570	-59	-0.651783806878872	-0.481383321180877
-253	5	-0.798516800439466	-0.180820249058153
-128	-16	0.237830744346446	-0.11397098961636
-424	-75	-0.968810083315531	-0.321797023666849
-319	-30	0.556566057313761	-0.287003265797018
-280	-65	0.546678060243538	-0.253246118791973
-402	-35	0.737601855525376	-0.3754451965999
-360	-65	0.49748222296823	-0.310302040039627
-399	50	-0.91399884029664	-0.325870943862825
-322	-47	0.0215155491805781	-0.269324348050871
-284	-31	0.888668477431562	-0.259790002154563
-448	-10	-0.797235023041475	-0.359530359183061
-299	-59	0.532029175695059	-0.256211865351457
-283	-11	0.163670766319773	-0.254334764069883
-289	3	0.207007049775689	-0.263436091097548
-255	1	-0.736442152165288	-0.201290065173181
-470	-13	0.148960844752342	-0.419261558517903
-407	-46	0.187597277748955	-0.363545549279055
-209	54	0.418866542558062	-0.187195142666506
-351	-37	0.708975493636891	-0.313096720178262
-503	89	-0.43107394634846	-0.502929422945353
-260	-23	-0.812860499893185	-0.195470174620731
-144	-28	-0.941282387768181	-0.0945412033296671
-444	-40	0.785821100497452	-0.420470112105929
-345	35	0.500961333048494	-0.323834595048609
-321	-77	-0.361491744743187	-0.251285208516349
-426	10	0.375530259102145	-0.399633747440763
-259	-17	0.452620014038514	-0.234932603825939
-319	-12	-0.660328989532151	-0.251517868903802
-130	-13	0.542893765068514	-0.119276279415186
-440	-22	0.856807153538621	-0.412010595124894
-455	-17	-0.389080477309488	-0.395934672720519
-515	-37	-0.938230536820582	-0.424325482212809
-353	-46	0.507797479171117	-0.318614134799927
-267	-75	-0.0741294595171972	-0.215738872945713
-499	-35	0.165440839869381	-0.445694603342896
-439	-45	-0.686574907681509	-0.345555480963276
-300	-13	-0.543931394390698	-0.229904468430113
-262	3	-0.533371990112003	-0.206980431685225
-306	-46	-0.779412213507492	-0.22374692174418
-450	-71	-0.525193029572436	-0.366478113611578
-397	-25	-0.935972167119358	-0.313257349459029
-252	1	0.374980925931578	-0.222612320751409
-342	-73	-0.307229834894864	-0.267941657871912
-498	-61	0.720938749351482	-0.455945042111416
-266	19	0.666188543351543	-0.249445860813516
-244	4	-0.90850550859096	-0.175114269525582
-338	-2	0.874080629902036	-0.312615750460713
-352	-53	0.672658467360454	-0.32536927362619
-204	-41	-0.515915402691733	-0.145795037714897
-330	-35	0.426984466078677	-0.283037090610243
-467	-39	-0.302652058473464	-0.390553172032929
-256	37	-0.00656147953733943	-0.223153079912769
-382	19	-0.021759697256386	-0.348604592930036
-352	51	0.345133823664052	-0.319318979122574
-412	40	0.647389141514328	-0.403722402382863
-197	-27	0.26364940336314	-0.181016542534551
-376	-76	-0.097506637775811	-0.312271968214746
-174	-11	0.168553727835933	-0.159749123029276
-354	-54	-0.356059450056459	-0.278937755154857
-174	-34	0.0257271034882656	-0.135937056010629
-385	-46	-0.948850978118229	-0.293097074386795
-289	-54	0.00405896176030773	-0.240509060853705
-469	-71	-0.445478682821131	-0.39232090527489
-312	-19	-0.742973113193152	-0.24710275109839
-202	-6	0.177220984527116	-0.178963823284308
-256	-15	-0.780144657734916	-0.185546646610972
-340	-22	-0.386516922513504	-0.266816470568184
-359	-4	0.164769432660909	-0.32522423924698
-246	-41	0.484603411969359	-0.21709315743922
-272	24	-0.850764488662374	-0.204982948958127
-381	-37	-0.17734305856502	-0.318001662412159
-477	-97	-0.0560014648884548	-0.394056406034042
-534	-43	0.293191320535905	-0.485119055118738
-261	-44	0.99481185338908	-0.252881504220033
-333	-38	-0.997924741355632	-0.254442334546119
-236	-17	-0.294351023895993	-0.179108054682838
-120	-7	-0.479232154301584	-0.0848215116440028
-536	-82	0.799798577837458	-0.503723709010691
-272	-40	0.689565721610157	-0.255918341273566
-506	-46	-0.0188299203466903	-0.438745349831399
-334	28	-0.936521500289926	-0.256313044054933
-226	-40	0.450849940488907	-0.200629382492493
-242	-57	-0.850459303567614	-0.17234543467271
-351	-42	0.639210180974761	-0.326410419937165
-216	17	0.00955229346598707	-0.190549974910986
-536	-64	-0.953245643482772	-0.434904470142318
-174	12	0.91033661915952	-0.175992599697876
-264	-31	0.676381725516526	-0.247271179375296
-495	48	0.685171056245613	-0.50818892520804
-460	-18	0.375347148045289	-0.419625293423573
-322	-46	0.0051576281014436	-0.268225681709735
-325	6	-0.705679494613483	-0.249857126413882
-328	73	-0.896420178838466	-0.271770100833885
-350	-33	0.227942747276223	-0.300702688196234
-337	19	-0.886532181768242	-0.273250841734608
-318	-60	-0.973632007812738	-0.237630784484129
-281	24	0.277016510513626	-0.244638678275179
-266	67	-0.218237861262856	-0.223383053721015
-436	-34	-0.183935056611835	-0.370209120266916
-262	9	-0.3879207739494	-0.213259615009911
-303	46	-0.344889675588244	-0.25098660195987
-277	-26	-0.703238013855403	-0.204674460657569
-296	48	0.364116336558123	-0.269972175149527
-361	-67	0.188695944090091	-0.307709940602375
-369	-3	-0.315225684377575	-0.314332854388436
-274	-18	-0.74382763145848	-0.202052149642473
-149	2	0.612659077730644	-0.135221886330937
-533	-18	-0.796990874965667	-0.464939224395923
-439	-76	-0.932004760887478	-0.331463559212734
-162	-12	-0.191076387829218	-0.128963154812899
-340	55	-0.663014618366039	-0.288797427018271
-258	-12	-0.489913632618183	-0.204469876332338
-485	-80	0.661915952024903	-0.447264535377581
-344	-17	0.876277962584307	-0.320340221888072
-441	2	-0.315164647358623	-0.384736660331496
-438	-15	0.244605853450117	-0.404425544519753
-465	-49	-0.629810480056154	-0.389735765617449
-325	-74	-0.190343943601795	-0.259081345903002
-152	9	-0.845942564165166	-0.107824401137945
-554	-93	-0.838312936796167	-0.449590184299442
-538	-70	-0.310464796899319	-0.47507676903406
-348	-11	-0.411358989226966	-0.279258176079619
-169	-12	0.00973540452284305	-0.134209946977371
-431	-76	-0.297830133976257	-0.352972789579628
-189	-17	-0.526902066103092	-0.139566986121894
-405	-49	0.343119602038636	-0.354879522471372
-394	-43	0.84575945310831	-0.367167325586245
-320	-20	0.772026734214301	-0.304858266568434
-466	-93	0.660023804437391	-0.416359339669833
-306	-40	0.417462691122165	-0.274918832508059
-210	1	-0.660756248664815	-0.159305483015968
-347	46	-0.22232734153264	-0.295812719704034
-362	-24	-0.63060396130253	-0.293231506676938
-297	-29	-0.2226325266274	-0.251270135788803
-355	-67	0.291970580156865	-0.30350344214368
-463	-65	-0.332255012665181	-0.379866199443437
-547	12	-0.176244392223884	-0.52326087275815
-443	-58	0.172399060029908	-0.394623782721049
-491	56	0.0708944975127415	-0.468771259536788
-304	-3	0.241492965483566	-0.257511364861976
-226	-35	0.0176091799676503	-0.189482496906385
-268	-55	0.236182744834742	-0.231975819868354
-556	-90	-0.56572161015656	-0.471359402758728
-471	-65	0.0954924161503952	-0.40977182153681
-547	-69	-0.398174993133335	-0.462124668650359
-389	20	-0.926084170049135	-0.323632962427129
-467	-61	0.286721396526994	-0.410603832758659
-303	-15	-0.460982085634938	-0.24457771496991
-116	-4	-0.0628986480300302	-0.0896373976296409
-221	-10	0.313760795922727	-0.190744827122975
-379	6	0.361064485610523	-0.334848951581399
-469	-75	-0.418134098330638	-0.38775075848086
-397	-22	-0.631946775719474	-0.329058307740227
-306	-30	0.330545976134526	-0.259308614911086
-341	1	-0.0873134556108279	-0.300865215018053
-175	-9	0.0954924161503952	-0.150191978306216
-490	52	0.134739219336528	-0.467243813791358
-219	-28	0.816156498916593	-0.210887537994695
-270	-55	0.176854762413404	-0.22730987786416
-461	-31	-0.215124973296304	-0.408385452013645
-206	-14	0.00961333048493906	-0.16814053895642
-368	-62	0.494674520096438	-0.317240312962105
-232	31	-0.41636402478103	-0.180945189346845
-298	-67	0.357707449568163	-0.261866323565271
-281	-51	0.0236518448438978	-0.227105794581218
-430	-83	0.256263924069948	-0.376288342117153
-320	-20	-0.0309762871181372	-0.277826496800069
-261	45	-0.494552446058535	-0.2151606265077
-362	-18	0.891842402417066	-0.335057123913792
-293	-17	-0.114658040101321	-0.243352969393167
-272	15	0.8301339762566	-0.263723450072052
-381	-1	-0.132602923673208	-0.320092180311265
-270	-52	0.696279793694876	-0.246788316537215
-213	30	-0.944151127658925	-0.145128893814235
-322	-33	0.455122531815546	-0.28527026925208
-379	-60	-0.770439771721549	-0.294175408077264
-333	18	-0.41453291421247	-0.275110995088738
-269	-29	0.689931943723868	-0.242735090392163
-228	-14	-0.920957060457167	-0.153588981725612
-341	-24	0.447370830408643	-0.308578768288112
-419	79	0.0484328745384075	-0.38814184845501
-477	-45	-0.0634479812005981	-0.416907140004195
-230	-70	0.429792168950468	-0.210007610001799
-415	34	-0.935483870967742	-0.354470080468719
-357	-49	0.746513260292367	-0.32681798137086
-193	-43	-0.403546250801111	-0.142142602379841
-176	4	-0.663441877498703	-0.134996772447104
-390	-36	0.431318094424268	-0.351403302082806
-294	37	-0.913876766258736	-0.236032973447972
-328	-42	-0.601184118167669	-0.255061216895776
-281	-13	-0.316446424756615	-0.222390684867177
-331	-31	-0.501022370067446	-0.260468473736258
-352	-70	-0.272133548997467	-0.286732840629578
-218	-41	-0.455488753929258	-0.172762995370138
-397	-69	0.897091586046938	-0.365444000662984
-536	-74	-0.343974120303964	-0.459258240704163
-493	65	-0.682912686544389	-0.463093870673985
-448	-68	0.768608661152989	-0.400348865607207
-143	-21	-0.463057344279305	-0.104646548562278
-270	-44	-0.598132267220069	-0.204848254889826
-218	18	-0.76281014435255	-0.154184852726625
-281	-55	0.964293343913083	-0.2619350435207
-232	-48	-0.262184514908292	-0.183417188614401
-338	-46	0.516220587786492	-0.301926642516745
-330	-56	0.670888393810846	-0.287035015351599
-246	-38	0.845088045899838	-0.22845367259166
-272	-37	-0.369670705282754	-0.217098797220098
-254	-6	0.999267555772576	-0.251893621541624
-245	-69	-0.245277260658589	-0.195271908416357
-491	-68	0.250953703421125	-0.427067716337838
-391	-48	-0.966368602557451	-0.301802309978322
-244	50	-0.173314615314188	-0.205579371609996
-558	-88	0.994689779351176	-0.526790089807685
-417	-27	-0.845088045899838	-0.334518072265648
-334	30	-0.648609881893368	-0.271808817241371
-290	-1	-0.156346324045534	-0.247744610939649
-406	-85	-0.891293069246498	-0.301658052710567
-374	30	0.471541489913633	-0.350702612898849
-219	-30	-0.0926236762596515	-0.172327401271773
-390	64	0.460371715445418	-0.377962034954292
-165	-19	0.263283181249428	-0.149907413669882
-573	-69	-0.187170018616291	-0.502068080853213
-313	-61	-0.880184331797235	-0.224418022408722
-337	64	0.742728965117344	-0.322049938386727
-253	31	0.698049867244484	-0.237928009915113
-526	-76	0.990112002929777	-0.493719019648908
-283	-28	-0.596606341746269	-0.224083291551801
-250	14	0.209997863704337	-0.22983261566873
-438	-85	0.0843836787011323	-0.376905478599773
-546	-59	0.920957060457167	-0.535539303142844
-157	34	-0.338908047730949	-0.116598234128567
-307	37	0.837885677663503	-0.30566909159343
-507	-76	-0.60582293160802	-0.429291111885319
-221	42	-0.588488418225654	-0.171861499384702
-425	-49	-0.396526993621632	-0.353852107963289
-408	-59	-0.467879268776513	-0.339020668336832
-402	33	-0.230567339091159	-0.349626537583206
-271	-20	0.141392254402295	-0.224611283900131
-255	-21	0.514389477217933	-0.224102651006489
-194	-8	-0.734916226691488	-0.139922231504325
-291	-32	-0.50205999938963	-0.217740392271615
-365	-58	0.527390362254708	-0.323082555832811
-486	-45	-0.0246284371471297	-0.423554843257164
-511	-47	0.0365916928617207	-0.461878453891854
-191	-6	0.282570879238258	-0.172944490045852
-377	-19	-0.813348796044801	-0.306180611325868
-297	-7	-0.990722373119297	-0.222208885140285
-249	13	-0.466841639454329	-0.205660017185888
-354	-55	-0.522080141605884	-0.286987012029151
-273	-41	-0.452986236152226	-0.217635971617061
-381	-14	-0.868343150120548	-0.295059372913578
-536	-85	-0.484725486007263	-0.453024835143691
-335	-23	0.294961394085513	-0.294409772893991
-355	-45	0.680227057710501	-0.327414694318124
-242	5	0.504745628223518	-0.215292607132807
-131	-59	0.313272499771111	-0.11800373217645
-211	32	-0.858516190069277	-0.157089808954197
-186	-12	0.730887783440657	-0.18106198414992
-391	-67	-0.813653981139561	-0.305960456894426
-504	-10	-0.463850825525681	-0.456528592630937
-381	46	-0.246192815942869	-0.34536913578476
-499	-36	-0.168248542741173	-0.439529864428745
-406	-43	-0.493514816736351	-0.327667452411486
-478	-58	0.845637379070406	-0.435700530622254
-303	-53	-0.208594012268441	-0.237482161516741
-411	33	-0.290200506607257	-0.372105317836279
-149	-4	-0.850276192510758	-0.106496339286654
-382	-83	0.873348185674612	-0.344667705207632
-326	-23	-0.816522721030305	-0.259315020745067
-206	18	-0.0968962675862911	-0.181294016540575
-388	62	0.590746787926878	-0.378545610453183
-510	74	-0.463423566393017	-0.506309177107057
-264	-52	-0.696340830713828	-0.190453344358358
-282	-44	0.80870998260445	-0.252938914998295
-495	-63	-0.336222418897061	-0.41677073007269
-275	-34	-0.795892208624531	-0.206908507712649
-446	-56	-0.444929349650563	-0.373064373215688
-182	-15	-0.0940275276955473	-0.149622939725209
-353	-69	-0.978392895290994	-0.253243487502341
-276	-45	0.141636402478103	-0.230473122486584
-567	7	-0.0305490279854732	-0.540888450244252
-413	-36	0.17246009704886	-0.351422017195811
-293	56	0.520798364207892	-0.281684217295019
-315	51	0.417096469008454	-0.285460466664953
-318	-26	-0.812738425855281	-0.246519300369014
-289	-45	0.522751548814356	-0.263031720846991
-541	-72	0.645252845851009	-0.511771689206519
-299	6	0.606189153721732	-0.280840302498587
-342	-12	-0.337687307351909	-0.274541285546097
-356	48	-0.780938138981292	-0.295140264517591
-262	-24	-0.330851161229286	-0.199236359905691
-427	-74	-0.0773644215216529	-0.359216716767973
-384	-21	-0.373699148533586	-0.325985817064686
-157	-51	0.606372264778588	-0.156722444462134
-176	-36	0.584215826899014	-0.166423207580013
-550	-16	0.293862727744377	-0.512567258887932
-371	-25	-0.0534989471114231	-0.307337296935189
-360	-33	0.379497665334025	-0.319083741141345
-172	-8	-0.23459578234199	-0.132323379883434
-441	-69	0.920163579210791	-0.405466357893068
-452	81	0.904843287453841	-0.477268985298806
-573	2	-0.643360698263497	-0.529900961495323
-439	-40	-0.533127842036195	-0.354939922627145
-358	8	0.851924192022462	-0.333921281467106
-307	-48	0.99633777886288	-0.295262279862115
-334	-6	0.00393688772240375	-0.290699774607013
-308	21	-0.164281136509293	-0.263808668125714
-149	9	0.229102450636311	-0.139853070143919
-447	-66	-0.450544755394147	-0.374231700077295
-213	-52	-0.238624225592822	-0.17101621947725
-564	-30	0.472029786065248	-0.533750926295887
-282	-41	-0.291665395062105	-0.220047591410539
-324	-20	-0.246681112094485	-0.270941155637124
-358	54	-0.790398876918851	-0.306439363683971
-300	-23	0.265358439893796	-0.259881274362911
-450	29	-0.771416364024781	-0.380997294494784
-476	17	-0.182836390270699	-0.441939451088536
-263	-29	0.984862819299905	-0.253176975167278
-406	-19	-0.149754325998718	-0.357590850952701
-422	75	0.504013183996094	-0.413394839903169
-218	-33	0.497604297006134	-0.198551135877356
-282	38	-0.678701132236702	-0.233513883716823
-301	40	0.983581041901914	-0.304362025035432
-513	-82	0.756828516495254	-0.485001132251853
-448	-56	0.128330332346568	-0.388271165482081
-320	-14	0.578844569231239	-0.283472421053129
-294	-53	-0.556566057313761	-0.216318016326478
-393	62	0.292947172460097	-0.366013857041779
-297	6	0.71446882534257	-0.273312129257842
-513	-9	0.352580339976196	-0.49081490830703
-366	-35	0.556871242408521	-0.320226574614594
-194	25	-0.737479781487472	-0.1359166771356
-282	-26	-0.561937314981536	-0.21058685347298
-420	-17	-0.177892391735588	-0.36087236612662
-178	-26	-0.504074221015046	-0.13042572634628
-343	-43	0.311868648335215	-0.307355168006202
-438	-26	-0.915097506637776	-0.349217560877674
-200	66	-0.454878383739738	-0.163807654020196
-480	-83	-0.845515305032502	-0.369008955793929
-328	77	0.301736503189184	-0.312085051851677
-219	-69	-0.658131656849879	-0.15503866565362
-376	-25	-0.621875667592395	-0.305672340540562
-297	36	0.957090975676748	-0.286633458644115
-444	-7	0.338541825617237	-0.402883821020386
-278	-15	0.858394116031373	-0.252875969242258
-266	20	0.213293862727744	-0.227136830386562
-371	2	0.688161870174261	-0.336528251248981
-192	-1	0.41270180364391	-0.170128486531637
-205	-11	0.33066805017243	-0.189927637985616
-397	-28	-0.342020935697501	-0.338404601267251
-350	-38	-0.848567155980102	-0.265766624473586
-178	-46	0.56968901638844	-0.16663593783955
